gameID,actionID,away,home
6258,2,9,4
6258,3,3,
6258,4,17,2
6258,6,8,7
6258,7,13,13
6258,10,3,1
6258,11,6,5
6258,13,1,3
6258,15,76,88
6258,17,5,21
6258,18,25,17
6258,19,34,20
6258,21,3,1
6258,22,11,13
6258,23,7,3
6258,30,52,24
6258,31,9,2
6258,32,4,1
6258,33,4,5
6258,63,1,
6258,64,2,
6258,65,5,4
6258,75,5,4
6258,111,,1
6258,114,,1
6258,115,4,1
6258,116,2,
6258,117,5,1
6258,118,6,1
6258,211,51,73
6258,212,2,3
6258,213,7,20
6258,214,2,
6258,218,22,33
6258,220,,1
6258,232,15,25
6258,247,512,537
6258,248,112,107
6258,260,3,1
6258,261,8,11
6258,262,3,4
6258,274,7,2
6258,275,7,8
6258,276,2,
6258,343,2,
6258,371,24,21
6258,375,6,5
6261,2,5,6
6261,4,7,8
6261,6,5,16
6261,7,10,9
6261,10,6,3
6261,11,5,3
6261,13,4,3
6261,15,47,61
6261,17,10,5
6261,18,9,7
6261,19,86,70
6261,21,2,1
6261,22,17,17
6261,23,5,7
6261,30,31,25
6261,31,2,6
6261,32,1,1
6261,33,2,1
6261,63,,1
6261,65,,4
6261,75,4,4
6261,79,3,3
6261,80,3,1
6261,115,1,4
6261,116,,1
6261,117,1,
6261,118,2,1
6261,211,88,80
6261,212,3,3
6261,213,14,6
6261,214,1,
6261,232,31,23
6261,247,252,380
6261,248,163,178
6261,260,3,4
6261,261,16,13
6261,262,10,2
6261,274,2,4
6261,275,8,6
6261,276,,1
6261,371,21,32
6261,375,2,
6307,1,1,2
6307,2,11,19
6307,3,5,9
6307,4,6,4
6307,6,9,17
6307,7,38,17
6307,10,1,1
6307,11,8,6
6307,12,6,2
6307,13,12,4
6307,15,85,51
6307,17,34,17
6307,18,9,13
6307,19,22,29
6307,21,2,
6307,22,10,11
6307,23,9,10
6307,30,35,61
6307,31,8,9
6307,32,1,
6307,33,1,2
6307,63,2,
6307,75,1,5
6307,79,6,2
6307,80,4,
6307,114,1,
6307,115,4,1
6307,116,1,
6307,117,3,5
6307,118,4,5
6307,156,1,2
6307,211,87,89
6307,212,3,3
6307,213,24,14
6307,214,,1
6307,215,1,2
6307,218,45,29
6307,220,,1
6307,232,31,14
6307,247,345,588
6307,248,131,148
6307,260,4,12
6307,261,12,12
6307,262,2,5
6307,274,6,6
6307,275,4,3
6307,276,1,
6307,320,5,2
6307,342,,2
6307,343,,3
6307,352,1,2
6307,353,2,1
6307,367,,1
6307,371,31,26
6307,375,5,2
6308,1,3,1
6308,2,13,5
6308,3,2,1
6308,4,5,8
6308,6,8,10
6308,7,23,31
6308,10,1,2
6308,11,6,10
6308,12,8,4
6308,13,3,8
6308,15,202,175
6308,17,19,11
6308,18,21,23
6308,19,34,28
6308,21,,1
6308,22,15,19
6308,23,6,5
6308,28,,1
6308,30,44,24
6308,31,10,1
6308,32,2,3
6308,33,3,3
6308,63,,1
6308,75,6,7
6308,79,4,
6308,80,3,6
6308,114,1,
6308,115,3,
6308,116,2,
6308,117,5,
6308,118,2,
6308,156,3,1
6308,211,101,92
6308,212,3,3
6308,213,18,8
6308,214,,1
6308,216,1,
6308,218,43,51
6308,232,22,24
6308,247,421,238
6308,248,135,138
6308,260,8,3
6308,261,10,11
6308,262,3,4
6308,274,6,
6308,275,12,7
6308,320,1,5
6308,342,3,1
6308,343,5,1
6308,352,3,1
6308,353,3,1
6308,367,2,
6308,371,28,27
6308,375,5,5
6347,1,2,4
6347,2,10,5
6347,3,3,3
6347,4,15,4
6347,6,11,5
6347,7,22,20
6347,10,1,2
6347,11,6,10
6347,12,2,2
6347,13,6,8
6347,15,99,79
6347,17,11,19
6347,18,24,31
6347,19,46,28
6347,20,1,
6347,22,9,3
6347,23,5,2
6347,30,62,88
6347,31,9,13
6347,32,1,5
6347,33,1,1
6347,52,1,
6347,62,1,
6347,63,1,
6347,64,1,1
6347,65,2,4
6347,75,4,2
6347,79,1,1
6347,80,2,2
6347,111,1,
6347,114,1,1
6347,115,4,7
6347,116,,1
6347,117,2,2
6347,118,2,5
6347,156,2,4
6347,211,77,75
6347,212,3,3
6347,213,20,11
6347,218,23,28
6347,220,3,3
6347,232,9,28
6347,247,449,392
6347,248,139,114
6347,260,8,6
6347,261,5,1
6347,262,6,9
6347,274,6,8
6347,275,18,5
6347,276,,1
6347,320,10,3
6347,342,1,4
6347,343,5,2
6347,352,2,4
6347,353,2,4
6347,367,,3
6347,371,30,27
6347,375,2,11
6364,1,3,3
6364,2,8,9
6364,3,16,19
6364,4,8,1
6364,6,6,8
6364,7,21,26
6364,10,1,2
6364,11,6,17
6364,12,,6
6364,13,8,6
6364,15,101,94
6364,17,24,22
6364,18,18,27
6364,19,55,26
6364,21,,1
6364,22,10,14
6364,23,6,10
6364,26,,1
6364,30,50,52
6364,31,8,6
6364,32,7,4
6364,33,1,2
6364,52,1,
6364,63,,2
6364,64,,2
6364,65,7,2
6364,75,4,1
6364,79,1,
6364,80,,2
6364,114,,1
6364,115,3,2
6364,117,2,1
6364,118,,2
6364,156,3,3
6364,211,104,115
6364,212,3,2
6364,213,19,10
6364,214,,2
6364,218,34,39
6364,232,27,25
6364,247,625,244
6364,248,163,168
6364,260,6,8
6364,261,10,13
6364,262,3,5
6364,274,5,3
6364,275,8,7
6364,320,4,6
6364,342,3,2
6364,343,1,2
6364,352,4,2
6364,353,3,3
6364,367,3,1
6364,371,40,22
6364,375,6,3
6370,1,1,2
6370,2,7,7
6370,3,4,7
6370,4,4,2
6370,6,7,16
6370,7,42,37
6370,10,4,4
6370,11,5,3
6370,12,4,6
6370,13,3,7
6370,15,72,68
6370,17,11,29
6370,18,20,9
6370,19,20,26
6370,21,1,4
6370,22,23,17
6370,23,5,8
6370,30,42,38
6370,31,5,8
6370,32,4,2
6370,33,3,3
6370,52,1,
6370,63,2,
6370,75,6,4
6370,79,3,2
6370,80,2,
6370,91,1,1
6370,115,2,2
6370,116,,1
6370,117,2,4
6370,118,3,4
6370,156,1,2
6370,211,83,111
6370,212,1,3
6370,213,16,9
6370,214,3,1
6370,218,55,57
6370,220,2,2
6370,232,27,19
6370,247,355,461
6370,248,150,151
6370,260,7,3
6370,261,25,20
6370,262,6,5
6370,274,1,2
6370,275,3,3
6370,276,,2
6370,320,6,1
6370,342,,1
6370,343,,2
6370,352,1,2
6370,353,2,1
6370,367,,1
6370,371,25,28
6370,375,6,3
6385,1,1,3
6385,2,10,4
6385,3,2,6
6385,4,20,6
6385,6,10,2
6385,7,16,20
6385,10,2,1
6385,11,5,4
6385,12,2,2
6385,13,3,9
6385,15,199,179
6385,17,15,41
6385,18,12,17
6385,19,32,20
6385,21,,1
6385,22,13,12
6385,23,8,1
6385,30,92,56
6385,31,6,6
6385,32,1,1
6385,33,5,6
6385,52,1,
6385,64,3,4
6385,65,,3
6385,75,5,
6385,79,12,22
6385,80,7,8
6385,114,1,1
6385,115,3,2
6385,116,,1
6385,117,2,1
6385,118,2,1
6385,156,1,3
6385,211,80,114
6385,212,2,3
6385,213,26,22
6385,214,1,1
6385,215,1,
6385,218,63,59
6385,232,16,24
6385,247,514,330
6385,248,178,175
6385,260,9,3
6385,261,16,15
6385,262,10,3
6385,274,5,2
6385,275,14,4
6385,320,5,1
6385,342,1,3
6385,343,6,
6385,352,1,3
6385,353,3,1
6385,367,1,2
6385,371,28,25
6385,375,,5
6398,1,1,
6398,2,3,6
6398,3,5,1
6398,4,12,6
6398,6,7,10
6398,7,14,11
6398,10,3,4
6398,11,6,6
6398,12,2,4
6398,13,10,7
6398,15,48,36
6398,17,18,16
6398,18,13,5
6398,19,62,75
6398,21,,2
6398,22,19,9
6398,23,8,7
6398,30,44,36
6398,31,4,3
6398,32,2,2
6398,33,2,4
6398,52,2,1
6398,63,,2
6398,75,3,5
6398,79,2,3
6398,80,1,
6398,114,1,
6398,115,2,3
6398,118,2,1
6398,156,1,
6398,211,92,88
6398,212,3,3
6398,213,8,2
6398,214,1,1
6398,232,24,16
6398,247,167,457
6398,248,173,188
6398,260,7,10
6398,261,22,12
6398,262,10,7
6398,274,3,3
6398,275,7,5
6398,276,,1
6398,320,,2
6398,342,1,
6398,343,1,
6398,352,1,
6398,353,1,
6398,371,14,26
6398,375,,3
6403,1,2,4
6403,2,5,22
6403,3,11,34
6403,4,1,23
6403,6,4,13
6403,7,20,36
6403,11,9,8
6403,12,3,1
6403,13,7,
6403,15,149,99
6403,17,37,9
6403,18,27,25
6403,19,32,65
6403,21,,1
6403,22,8,12
6403,23,5,13
6403,30,41,65
6403,31,4,9
6403,32,11,3
6403,33,,2
6403,63,,3
6403,64,1,1
6403,65,7,
6403,75,2,6
6403,79,2,1
6403,80,3,1
6403,114,,1
6403,115,,5
6403,117,2,1
6403,118,2,1
6403,156,2,4
6403,211,120,88
6403,212,3,3
6403,213,28,12
6403,214,1,
6403,218,29,41
6403,220,1,
6403,232,26,14
6403,247,503,507
6403,248,172,177
6403,260,,7
6403,261,10,12
6403,262,4,6
6403,274,2,6
6403,275,2,10
6403,320,2,15
6403,342,1,2
6403,343,1,5
6403,352,3,3
6403,353,1,5
6403,367,1,2
6403,371,28,23
6403,375,3,4
6418,1,,5
6418,2,2,3
6418,3,4,6
6418,4,3,5
6418,6,9,8
6418,7,12,28
6418,10,2,
6418,11,4,5
6418,12,4,8
6418,13,5,2
6418,15,9,9
6418,17,2,6
6418,18,11,19
6418,19,30,25
6418,21,2,2
6418,22,13,19
6418,23,4,6
6418,30,16,43
6418,31,2,6
6418,33,1,1
6418,62,2,
6418,63,1,
6418,65,1,1
6418,75,1,7
6418,79,8,10
6418,80,2,10
6418,115,1,1
6418,156,,5
6418,211,81,67
6418,212,3,3
6418,213,19,16
6418,215,1,1
6418,218,50,56
6418,232,20,27
6418,247,399,342
6418,248,183,163
6418,260,2,4
6418,261,11,16
6418,262,2,7
6418,274,2,1
6418,275,7,3
6418,276,1,
6418,320,7,
6418,342,,5
6418,343,2,2
6418,352,3,2
6418,353,5,
6418,367,,3
6418,371,35,34
6418,375,7,8
6425,1,1,4
6425,2,1,26
6425,3,7,24
6425,4,2,10
6425,6,5,7
6425,7,26,23
6425,10,2,
6425,11,14,4
6425,12,2,4
6425,13,14,1
6425,15,113,71
6425,17,41,2
6425,18,13,14
6425,19,16,59
6425,20,,1
6425,22,4,3
6425,23,1,21
6425,30,11,76
6425,31,2,11
6425,32,8,3
6425,33,1,7
6425,64,,1
6425,65,1,3
6425,75,2,4
6425,79,3,
6425,80,1,1
6425,114,,3
6425,115,1,2
6425,116,,1
6425,117,,4
6425,118,3,
6425,156,1,4
6425,211,84,60
6425,212,2,3
6425,213,8,7
6425,218,49,27
6425,232,20,22
6425,247,217,820
6425,248,137,123
6425,260,1,14
6425,261,11,3
6425,262,1,9
6425,274,1,6
6425,275,5,6
6425,320,6,1
6425,342,1,3
6425,352,1,4
6425,353,4,1
6425,367,1,3
6425,371,19,23
6425,375,5,1
6450,1,1,2
6450,2,5,8
6450,3,3,1
6450,4,5,7
6450,6,15,11
6450,7,46,39
6450,10,4,3
6450,11,6,14
6450,12,4,10
6450,13,6,3
6450,15,105,116
6450,17,16,11
6450,18,23,34
6450,19,22,25
6450,21,2,1
6450,22,14,20
6450,23,6,9
6450,30,29,43
6450,31,4,6
6450,32,1,
6450,33,6,6
6450,63,2,
6450,65,,1
6450,75,3,6
6450,79,18,26
6450,80,14,13
6450,114,2,1
6450,115,3,3
6450,116,2,
6450,118,3,4
6450,156,1,2
6450,211,93,103
6450,212,3,2
6450,213,10,14
6450,214,,2
6450,218,88,78
6450,220,1,
6450,232,31,29
6450,247,251,290
6450,248,194,187
6450,260,3,6
6450,261,19,20
6450,262,3,8
6450,274,1,4
6450,275,4,11
6450,320,2,2
6450,342,,2
6450,343,2,1
6450,352,2,1
6450,353,2,1
6450,371,41,34
6450,375,4,4
6462,1,2,3
6462,2,2,4
6462,3,3,6
6462,4,12,1
6462,6,1,12
6462,7,13,19
6462,10,4,2
6462,11,4,
6462,12,12,8
6462,13,1,5
6462,15,17,4
6462,17,8,6
6462,18,22,16
6462,19,14,27
6462,21,6,2
6462,22,12,20
6462,23,10,5
6462,30,41,37
6462,31,6,5
6462,32,,3
6462,33,2,2
6462,52,1,
6462,62,1,2
6462,63,1,
6462,65,1,1
6462,75,,3
6462,79,8,9
6462,80,7,2
6462,99,,1
6462,114,2,
6462,115,,1
6462,117,1,
6462,118,2,
6462,156,2,3
6462,211,70,73
6462,212,3,3
6462,213,11,13
6462,214,,1
6462,218,50,45
6462,220,2,
6462,232,22,19
6462,247,280,424
6462,248,144,152
6462,260,5,1
6462,261,11,20
6462,262,7,2
6462,274,3,2
6462,275,4,5
6462,276,1,
6462,320,3,4
6462,342,2,1
6462,343,,7
6462,352,1,4
6462,353,2,3
6462,367,1,
6462,371,32,28
6462,375,12,1
6545,1,3,1
6545,2,11,7
6545,3,8,1
6545,4,2,4
6545,6,7,4
6545,7,28,18
6545,10,1,1
6545,11,3,1
6545,12,8,
6545,13,3,1
6545,15,145,146
6545,17,21,15
6545,18,26,14
6545,19,25,24
6545,21,1,1
6545,22,12,10
6545,23,9,6
6545,30,52,44
6545,31,4,3
6545,32,,1
6545,33,4,3
6545,63,3,2
6545,64,,1
6545,65,3,3
6545,75,3,1
6545,79,18,15
6545,80,9,6
6545,91,,1
6545,115,1,1
6545,117,,1
6545,118,,1
6545,156,3,1
6545,211,127,101
6545,212,3,3
6545,213,24,28
6545,214,1,1
6545,216,1,1
6545,218,66,57
6545,232,34,29
6545,247,425,431
6545,248,172,183
6545,260,1,3
6545,261,13,14
6545,262,6,4
6545,274,1,2
6545,275,9,5
6545,320,1,4
6545,342,3,1
6545,352,3,1
6545,353,1,3
6545,367,3,1
6545,371,28,31
6545,375,1,1
6553,1,2,3
6553,2,16,8
6553,3,30,12
6553,4,12,8
6553,6,6,9
6553,7,38,33
6553,10,,2
6553,11,7,6
6553,12,8,2
6553,13,3,3
6553,15,114,83
6553,17,18,23
6553,18,24,16
6553,19,46,36
6553,21,2,3
6553,22,14,20
6553,23,12,6
6553,30,58,40
6553,31,11,6
6553,32,3,3
6553,33,2,3
6553,63,1,2
6553,64,1,2
6553,65,4,5
6553,75,,3
6553,79,3,3
6553,80,2,2
6553,99,,1
6553,114,3,1
6553,115,4,2
6553,117,4,1
6553,118,,5
6553,156,2,3
6553,211,73,98
6553,212,3,2
6553,213,19,17
6553,214,1,2
6553,218,42,48
6553,232,24,17
6553,247,494,334
6553,248,159,162
6553,260,3,4
6553,261,17,20
6553,262,5,5
6553,274,7,3
6553,275,8,7
6553,320,,13
6553,342,2,2
6553,343,3,2
6553,352,2,3
6553,353,,5
6553,367,1,2
6553,371,38,25
6553,375,2,6
6568,1,,1
6568,2,14,12
6568,3,7,14
6568,4,2,5
6568,6,14,8
6568,7,29,44
6568,10,2,
6568,11,3,9
6568,12,4,2
6568,13,8,4
6568,15,90,78
6568,17,25,24
6568,18,13,20
6568,19,33,26
6568,21,1,1
6568,22,13,11
6568,23,8,6
6568,30,29,39
6568,31,6,2
6568,32,2,
6568,33,2,1
6568,63,1,
6568,65,4,2
6568,75,1,3
6568,79,3,2
6568,80,1,5
6568,99,,1
6568,114,2,
6568,115,3,1
6568,116,1,
6568,117,3,
6568,118,1,1
6568,156,,1
6568,211,112,107
6568,212,3,3
6568,213,39,12
6568,214,1,1
6568,218,47,53
6568,220,1,1
6568,232,20,29
6568,247,602,325
6568,248,175,165
6568,260,4,8
6568,261,14,11
6568,262,4,10
6568,274,4,1
6568,275,5,5
6568,276,,1
6568,320,3,
6568,342,,1
6568,343,,2
6568,352,,1
6568,353,,1
6568,371,31,30
6568,375,3,3
6573,2,5,4
6573,3,1,1
6573,4,19,7
6573,6,5,5
6573,7,40,30
6573,10,2,2
6573,11,8,4
6573,13,4,2
6573,15,156,148
6573,16,1,
6573,17,14,15
6573,18,19,19
6573,19,18,23
6573,21,1,4
6573,22,18,8
6573,23,4,4
6573,30,42,23
6573,31,6,1
6573,32,3,1
6573,33,2,2
6573,52,,1
6573,63,1,
6573,64,,1
6573,65,,1
6573,75,7,8
6573,79,1,1
6573,80,1,
6573,114,3,1
6573,115,5,
6573,117,2,1
6573,118,3,2
6573,211,77,88
6573,212,2,3
6573,213,19,21
6573,218,73,52
6573,220,,1
6573,232,28,21
6573,247,334,320
6573,248,150,156
6573,260,2,4
6573,261,19,8
6573,262,2,2
6573,274,7,1
6573,275,9,
6573,276,1,
6573,343,2,1
6573,371,26,24
6573,375,6,3
6603,1,1,5
6603,2,4,13
6603,3,3,6
6603,4,3,1
6603,6,4,8
6603,7,18,19
6603,10,2,1
6603,11,2,3
6603,12,4,
6603,13,2,7
6603,15,140,104
6603,17,13,29
6603,18,23,20
6603,19,13,17
6603,20,1,1
6603,21,1,2
6603,22,14,12
6603,23,7,6
6603,30,66,71
6603,31,3,9
6603,32,,1
6603,33,3,3
6603,63,4,1
6603,64,1,1
6603,65,2,6
6603,75,2,1
6603,79,14,18
6603,80,18,6
6603,111,,1
6603,115,1,2
6603,117,1,2
6603,118,1,2
6603,156,1,5
6603,211,76,102
6603,212,3,3
6603,213,20,18
6603,214,1,1
6603,218,66,46
6603,232,20,24
6603,247,371,326
6603,248,159,154
6603,260,7,2
6603,261,14,12
6603,262,10,5
6603,274,2,4
6603,275,12,6
6603,276,,1
6603,320,8,1
6603,342,,3
6603,343,2,2
6603,352,1,4
6603,353,4,1
6603,367,,2
6603,371,32,22
6603,375,3,
6609,1,4,2
6609,2,7,6
6609,3,4,2
6609,4,8,11
6609,6,5,8
6609,7,14,12
6609,10,3,3
6609,11,4,7
6609,12,12,
6609,13,2,7
6609,15,76,74
6609,17,16,13
6609,18,28,30
6609,19,18,24
6609,20,1,
6609,21,3,2
6609,22,9,15
6609,23,8,7
6609,30,51,41
6609,31,9,7
6609,32,2,1
6609,33,3,3
6609,52,1,1
6609,63,,1
6609,64,,5
6609,65,4,
6609,75,3,5
6609,79,8,6
6609,80,7,3
6609,115,5,3
6609,116,1,
6609,118,4,3
6609,156,4,2
6609,211,75,82
6609,212,3,3
6609,213,17,11
6609,214,2,2
6609,216,1,1
6609,218,31,30
6609,232,23,14
6609,247,389,562
6609,248,129,133
6609,260,7,2
6609,261,11,16
6609,262,4,2
6609,274,4,4
6609,275,4,8
6609,320,2,6
6609,342,3,1
6609,343,4,
6609,352,4,2
6609,353,3,3
6609,367,3,
6609,371,28,28
6609,375,4,
6647,1,1,3
6647,2,8,9
6647,3,8,7
6647,4,7,8
6647,6,8,6
6647,7,13,31
6647,10,6,2
6647,11,9,8
6647,12,,4
6647,13,4,7
6647,15,98,115
6647,17,15,33
6647,18,11,13
6647,19,21,30
6647,21,,3
6647,22,16,18
6647,23,4,5
6647,30,62,40
6647,31,4,7
6647,32,5,2
6647,33,2,4
6647,63,,1
6647,64,2,
6647,65,8,1
6647,75,2,1
6647,79,10,4
6647,80,5,3
6647,91,,1
6647,115,1,2
6647,116,,1
6647,117,2,2
6647,118,3,
6647,156,1,3
6647,211,81,91
6647,212,2,3
6647,213,20,16
6647,214,3,1
6647,218,32,53
6647,232,11,24
6647,247,473,376
6647,248,150,128
6647,260,8,4
6647,261,18,18
6647,262,4,4
6647,274,3,3
6647,275,7,11
6647,276,,1
6647,320,4,2
6647,342,1,3
6647,343,2,1
6647,352,1,3
6647,353,3,1
6647,367,1,1
6647,371,29,19
6647,375,1,2
6652,1,3,2
6652,2,11,12
6652,3,10,9
6652,4,6,4
6652,6,11,4
6652,7,46,48
6652,10,1,3
6652,11,2,6
6652,12,6,2
6652,13,3,6
6652,15,89,113
6652,17,16,30
6652,18,18,27
6652,19,29,19
6652,21,2,
6652,22,15,9
6652,23,3,10
6652,30,33,49
6652,31,5,9
6652,32,4,1
6652,33,4,3
6652,52,,1
6652,63,,1
6652,65,1,1
6652,75,2,2
6652,79,2,5
6652,80,1,
6652,115,2,2
6652,117,,4
6652,118,,2
6652,156,3,2
6652,211,92,85
6652,212,3,3
6652,213,30,20
6652,214,2,
6652,216,,1
6652,218,62,64
6652,220,1,3
6652,232,23,26
6652,247,480,322
6652,248,204,190
6652,260,6,3
6652,261,17,13
6652,262,3,6
6652,274,2,5
6652,275,5,3
6652,320,12,3
6652,342,1,2
6652,343,1,
6652,352,2,3
6652,353,4,1
6652,367,1,2
6652,371,37,36
6652,375,2,5
6681,2,10,8
6681,3,17,12
6681,4,4,9
6681,6,7,3
6681,7,29,48
6681,10,3,2
6681,11,4,16
6681,12,6,6
6681,13,3,3
6681,15,187,137
6681,17,18,18
6681,18,27,27
6681,19,60,30
6681,21,,2
6681,22,12,20
6681,23,5,4
6681,30,34,28
6681,31,1,2
6681,32,5,8
6681,33,2,3
6681,52,1,1
6681,63,1,1
6681,64,1,
6681,65,3,1
6681,75,7,3
6681,79,4,1
6681,80,3,5
6681,114,1,1
6681,115,,2
6681,117,1,
6681,118,1,1
6681,211,97,101
6681,212,3,3
6681,213,17,13
6681,218,37,66
6681,232,32,16
6681,247,424,369
6681,248,156,182
6681,260,3,3
6681,261,15,22
6681,262,6,4
6681,274,1,2
6681,275,3,7
6681,343,1,
6681,371,32,29
6681,375,1,3
6685,1,,1
6685,2,6,5
6685,3,1,1
6685,4,8,2
6685,6,7,13
6685,7,25,35
6685,10,3,2
6685,11,6,3
6685,12,,2
6685,13,4,4
6685,15,238,236
6685,17,26,18
6685,18,27,24
6685,19,33,64
6685,21,5,
6685,22,18,21
6685,23,3,6
6685,30,35,46
6685,31,7,5
6685,32,2,1
6685,33,2,2
6685,63,1,
6685,75,4,3
6685,79,3,5
6685,80,8,7
6685,115,3,4
6685,116,,1
6685,117,2,
6685,118,3,1
6685,156,,1
6685,211,114,85
6685,212,3,3
6685,213,18,17
6685,214,,1
6685,218,58,63
6685,232,13,34
6685,247,322,470
6685,248,167,148
6685,260,4,4
6685,261,11,15
6685,262,4,6
6685,274,5,3
6685,275,5,7
6685,276,1,
6685,320,4,
6685,342,,1
6685,343,1,4
6685,352,,1
6685,353,,1
6685,367,,1
6685,371,36,20
6685,375,10,3
6725,1,2,2
6725,2,4,6
6725,3,2,4
6725,4,5,20
6725,6,3,7
6725,7,23,26
6725,11,4,8
6725,12,4,4
6725,13,2,5
6725,15,101,119
6725,17,23,17
6725,18,28,37
6725,19,30,24
6725,21,,2
6725,22,17,8
6725,23,6,12
6725,30,30,80
6725,31,7,3
6725,32,6,5
6725,33,2,1
6725,52,1,
6725,64,1,
6725,65,3,3
6725,75,3,1
6725,79,12,12
6725,80,4,11
6725,114,1,
6725,115,4,2
6725,116,1,
6725,118,3,
6725,156,2,2
6725,211,85,79
6725,212,3,3
6725,213,29,25
6725,214,,2
6725,215,,2
6725,218,62,47
6725,232,22,18
6725,247,509,459
6725,248,148,148
6725,260,5,2
6725,261,16,10
6725,262,2,8
6725,274,4,2
6725,275,6,5
6725,276,1,
6725,320,3,4
6725,342,2,1
6725,343,2,2
6725,352,2,2
6725,353,2,2
6725,367,2,
6725,371,33,30
6725,375,3,1
6730,2,4,7
6730,3,4,2
6730,4,10,13
6730,6,9,4
6730,7,53,39
6730,10,2,1
6730,11,9,5
6730,12,3,1
6730,13,5,3
6730,15,95,88
6730,17,26,22
6730,18,18,19
6730,19,27,22
6730,21,1,4
6730,22,13,12
6730,23,2,8
6730,30,18,29
6730,31,2,5
6730,32,,1
6730,33,2,6
6730,52,,1
6730,63,1,1
6730,64,4,3
6730,65,3,
6730,75,7,6
6730,79,15,16
6730,80,15,7
6730,111,1,
6730,115,2,4
6730,117,,1
6730,118,,2
6730,211,77,74
6730,212,3,3
6730,213,28,21
6730,214,3,
6730,215,,1
6730,218,75,56
6730,232,20,18
6730,247,452,373
6730,248,151,143
6730,260,3,5
6730,261,12,12
6730,262,4,4
6730,274,2,5
6730,275,10,11
6730,276,,1
6730,343,2,1
6730,371,24,28
6730,375,,3
6755,1,1,3
6755,2,3,12
6755,3,3,5
6755,4,11,4
6755,6,3,8
6755,7,26,28
6755,10,2,1
6755,11,5,2
6755,12,5,5
6755,13,2,4
6755,15,73,75
6755,17,17,18
6755,18,26,32
6755,19,28,47
6755,21,,1
6755,22,9,14
6755,23,5,9
6755,30,28,41
6755,31,4,5
6755,32,2,
6755,33,1,2
6755,52,,1
6755,64,,2
6755,65,5,5
6755,75,3,2
6755,79,11,13
6755,80,7,5
6755,111,1,
6755,115,1,2
6755,117,2,1
6755,118,,2
6755,156,1,3
6755,211,92,84
6755,212,3,3
6755,213,15,20
6755,214,1,
6755,216,,1
6755,218,43,55
6755,232,25,30
6755,247,332,487
6755,248,169,156
6755,260,4,2
6755,261,6,11
6755,262,4,5
6755,274,3,3
6755,275,11,7
6755,276,,1
6755,320,9,
6755,342,,2
6755,343,2,3
6755,352,,4
6755,353,4,
6755,367,,2
6755,371,29,33
6755,375,3,1
6756,1,,2
6756,2,2,6
6756,3,4,4
6756,4,9,7
6756,6,4,11
6756,7,32,30
6756,10,2,3
6756,11,5,3
6756,12,4,10
6756,13,2,3
6756,15,4,2
6756,17,5,9
6756,18,11,11
6756,19,17,6
6756,21,1,
6756,22,17,14
6756,23,3,8
6756,30,32,31
6756,31,3,6
6756,32,5,4
6756,33,1,2
6756,52,1,
6756,62,4,2
6756,63,1,
6756,64,5,1
6756,65,1,3
6756,75,4,1
6756,79,20,27
6756,80,10,14
6756,115,1,2
6756,117,2,
6756,118,1,1
6756,156,,2
6756,211,72,74
6756,212,2,3
6756,213,20,38
6756,214,3,3
6756,218,70,88
6756,232,16,29
6756,247,377,368
6756,248,182,172
6756,260,3,2
6756,261,18,14
6756,262,5,4
6756,274,3,4
6756,275,11,11
6756,276,,1
6756,320,4,
6756,342,,2
6756,343,2,5
6756,352,1,1
6756,353,2,
6756,367,,1
6756,371,32,22
6756,375,6,3
6765,1,1,2
6765,2,13,7
6765,3,5,1
6765,4,6,6
6765,6,3,11
6765,7,19,19
6765,10,3,2
6765,11,7,4
6765,12,2,6
6765,13,1,3
6765,15,70,98
6765,17,11,17
6765,18,21,19
6765,19,42,17
6765,21,2,
6765,22,15,13
6765,23,6,1
6765,30,64,47
6765,31,6,3
6765,32,,2
6765,33,2,1
6765,52,1,
6765,63,1,1
6765,64,,1
6765,65,3,1
6765,75,7,3
6765,79,2,25
6765,80,2,6
6765,91,1,
6765,115,3,1
6765,116,1,
6765,117,2,
6765,118,1,
6765,156,1,2
6765,211,67,85
6765,212,3,3
6765,213,24,35
6765,218,36,30
6765,232,27,11
6765,247,615,463
6765,248,131,150
6765,260,3,1
6765,261,16,13
6765,262,2,4
6765,274,3,1
6765,275,6,3
6765,276,1,
6765,320,2,2
6765,342,1,2
6765,343,,3
6765,352,1,2
6765,353,2,1
6765,367,1,
6765,371,24,21
6765,375,3,1
6770,1,1,1
6770,2,5,14
6770,3,4,2
6770,4,2,13
6770,6,,8
6770,7,56,62
6770,10,6,5
6770,11,6,2
6770,12,6,
6770,13,8,2
6770,15,121,98
6770,17,36,12
6770,18,15,16
6770,19,16,43
6770,20,1,
6770,21,1,2
6770,22,20,23
6770,23,7,13
6770,30,33,62
6770,31,6,3
6770,32,,1
6770,33,3,6
6770,52,,1
6770,63,,1
6770,64,,4
6770,65,,3
6770,75,4,2
6770,79,26,18
6770,80,9,7
6770,91,2,
6770,99,,1
6770,111,,2
6770,115,,1
6770,116,,1
6770,117,2,1
6770,118,3,2
6770,156,1,1
6770,163,,1
6770,211,85,79
6770,212,3,2
6770,213,6,23
6770,214,,3
6770,218,91,100
6770,232,41,22
6770,247,191,417
6770,248,181,194
6770,260,2,8
6770,261,24,22
6770,262,3,14
6770,274,5,2
6770,275,11,4
6770,276,1,1
6770,320,2,1
6770,342,,1
6770,343,1,1
6770,352,1,1
6770,353,2,
6770,367,,1
6770,371,30,29
6770,375,3,
